16 19 vs 16 20

RESPONSES: [84, 0, 0, 0, 126, 0, 5, 105, 100, 0, 0, 0, 64, 42, 0, 1, 0, 0, 11, 134, 0, 16, 255, 255, 255, 255, 0,
            :0                               :9           :13:14:15:16         :19:20 :21  :22            :25:26
0, 110, 97, 109, 101, 0, 0, 0, 64, 42, 0, 2, 0, 0, 0, 23, 0, 4, 255, 255, 255, 255, 0, 0, 115, 116, 97, 116, 117, 
:27:
115, 0, 0, 0, 64, 42, 0, 3, 0, 0, 0, 114, 255, 255, 255, 255, 255, 255, 0, 0, 105, 110, 118, 101, 110, 116, 111, 

114, 121, 0, 0, 0, 64, 42, 0, 4, 0, 0, 0, 114, 255, 255, 255, 255, 255, 255, 0, 0, 116, 101, 97, 109, 0, 0, 0, 64,

42, 0, 5, 0, 0, 11, 134, 0, 16, 255, 255, 255, 255, 0, 0, 68, 0, 0, 0, 103, 0, 5, 0, 0, 0, 36, 49, 50, 57, 51, 50,

54, 50, 48, 45, 55, 53, 55, 97, 45, 52, 57, 50, 51, 45, 56, 99, 53, 102, 45, 102, 52, 102, 48, 49, 102, 50, 53,

100, 57, 49, 55, 0, 0, 0, 1, 48, 0, 0, 0, 2, 123, 125, 0, 0, 0, 2, 123, 125, 0, 0, 0, 36, 100, 51, 102, 98, 55, 97,

53, 51, 45, 51, 98, 49, 49, 45, 52, 49, 51, 99, 45, 56, 98, 51, 56, 45, 54, 55, 99, 54, 99, 102, 98, 57, 52, 50, 

54, 99, 68, 0, 0, 0, 103, 0, 5, 0, 0, 0, 36, 102, 53, 102, 99, 51, 49, 101, 50, 45, 98, 99, 48, 51, 45, 52, 50, 53,

49, 45, 98, 98, 48, 55, 45, 57, 54, 56, 52, 98, 99, 100, 100, 101, 56, 51, 48, 0, 0, 0, 1, 49, 0, 0, 0, 2, 123, 

125, 0, 0, 0, 2, 123, 125, 0, 0, 0, 36, 100, 51, 102, 98, 55, 97, 53, 51, 45, 51, 98, 49, 49, 45, 52, 49, 51, 99, 

45, 56, 98, 51, 56, 45, 54, 55, 99, 54, 99, 102, 98, 57, 52, 50, 54, 99, 67, 0, 0, 0, 13, 83, 69, 76, 69, 67, 84, 

32, 50, 0, 90, 0, 0, 0, 5, 84]